1.743266616930462032e+00
1.221730881571986282e+00
1.089043880433187228e+00
1.016088530628844300e+00
9.539032610599234019e-01
9.054207401807058408e-01
8.694685701887799878e-01
8.469658610605601545e-01
8.164668972747821662e-01
7.957948488152294386e-01
7.655735084463219930e-01
7.605503227117204057e-01
7.575216268063458269e-01
7.550629340179900728e-01
7.530900135248231875e-01
7.509547839519978840e-01
7.488052593008234226e-01
7.462000946143697577e-01
7.440599066643625026e-01
7.422473039286271446e-01
7.384185400390393950e-01
7.375314088390495515e-01
7.374126758812269422e-01
7.372188924443425773e-01
7.369112869524940823e-01
